28
35
87
27
71
75
38
83
51
80
97
29
12
62
26
38
60
18
6
71
36
76
10
32
58
44
31
27
57
5
89
89
64
46
38
85
19
81
17
16
46
57
69
69
99
30
40
98
74
92
96
51
43
4
9
5
20
97
94
5
60
87
44
10
7
33
60
85
51
93
16
32
90
12
82
92
29
22
57
2
68
54
40
52
39
49
62
8
60
9
70
75
30
82
12
75
42
68
64
17
12
34
15
5
36
50
51
70
77
5
26
23
54
61
54
50
19
17
19
30
74
19
66
7
11
87
89
49
5
32
38
75
14
21
25
68
56
78
40
75
20
7
29
79
96
80
98
53
16
69
52
5
10
40
34
39
47
93
71
74
55
77
51
17
8
62
49
98
42
49
21
11
7
77
5
7
9
84
49
1
98
24
95
55
68
27
71
74
21
42
11
11
2
62
78
69
16
52
54
54
38
19
15
15
83
91
90
24
99
52
86
70
73
92
46
47
4
73
16
47
18
38
60
69
76
88
11
50
60
16
1
79
75
87
17
53
7
80
49
32
56
73
74
96
13
37
64
64
57
50
21
28
27
42
94
74
62
30
83
83
1
61
80
31
38
26
4
94
34
65
73
80
57
43
19
20
30
20
34
72
56
97
18
48
38
6
22
100
28
37
41
90
67
27
7
85
63
47
58
71
55
25
14
33
29
29
39
8
39
20
39
86
49
66
16
7
79
1
43
69
98
64
41
90
26
40
60
61
42
71
13
14
35
33
89
38
26
8
30
34
25
43
19
70
36
46
34
37
48
64
85
87
15
76
19
67
45
82
13
99
51
93
13
88
38
49
73
58
14
95
34
28
8
50
15
36
69
37
37
66
47
46
5
73
41
41
56
41
66
29
1
19
22
14
8
58
68
88
70
39
51
51
37
28
12
63
21
80
23
42
36
26
46
96
90
99
26
38
43
92
63
46
21
25
34
42
100
51
97
95
81
8
11
71
71
96
96
58
36
78
23
42
83
77
83
85
52
48
71
52
17
5
13
89
95
33
60
28
65
94
32
1
64
9
23
28
74
66
94
71
45
90
49
88
46
47
70
74
31
58
31
42
93
26
68
69
45
79
56
60
89
49
86
63
10
66
70
2
4
69
36
56
66
92
1
41
2
29
21
15
32
8
84
41
95
36
75
59
83
11
30
4
42
7
39
28
68
87
86
80
24
33
27
68
42
9
99
37
6
13
19
83
18
34
88
88
63
79
60
86
52
98
77
29
99
92
79
1
16
96
93
87
79
54
71
9
81
11
78
47
26
56
15
79
50
48
93
32
78
36
45
67
56
50
83
82
53
96
58
9
61
33
32
26
56
92
79
44
84
23
68
23
39
19
34
58
79
15
1
29
35
13
23
13
59
32
78
49
35
7
100
73
71
18
31
38
87
7
65
92
46
14
79
22
36
52
100
37
21
45
96
38
38
24
62
21
54
57
55
54
25
45
32
69
43
87
38
6
84
91
75
1
91
6
8
4
85
13
9
51
20
3
56
63
4
8
25
82
64
51
86
66
79
34
19
96
32
29
84
87
4
68
62
5
4
33
42
76
31
53
92
65
49
29
7
50
28
4
86
77
69
92
66
61
34
90
61
79
59
42
95
76
78
62
82
30
100
14
51
15
33
23
54
99
71
20
63
12
50
54
15
46
50
7
45
18
69
33
62
33
70
80
73
46
87
29
59
92
51
48
25
73
27
45
64
60
50
46
22
44
86
61
57
48
9
67
21
25
8
80
93
63
7
5
79
41
54
90
88
32
30
53
77
9
58
66
63
84
7
69
73
75
69
65
92
4
49
66
83
16
24
13
100
32
42
35
60
80
47
63
34
82
100
92
3
55
21
2
30
64
61
60
87
48
2
66
36
89
31
75
71
57
60
50
93
61
69
100
50
56
46
69
66
97
85
45
87
20
16
1
48
80
88
38
26
5
74
68
41
72
13
50
13
28
12
1
89
26
18
14
67
68
8
61
86
89
9
76
33
20
27
11
96
71
65
45
100
2
80
71
62
77
10
59
20
46
49
16
40
62
8
4
85
93
36
86
34
96
53
97
96
6
79
44
99
2
59
64
10
1
28
75
60
51
39
58
94
2
54
5
69
62
56
14
94
42
46
95
56
75
28
100
21
43
79
44
13
93
98
99
8
35
6
44
95
2
39
79
21
97
87
14
34
73
5
72
75
40
26
70
98
81
71
97
37
34
40
23
30
55
42
33
98
15
11
78
67
91
78
42
6
39
85
18
97
4
27
85
91
83
85
90
9
20
16
44
25
56
56
90
82
88
44
68
39
22
54
73
75
74
88
80
77
39
67
60
55
18
23
79
64
38
35
2
77
92
26
18
56
93
69
87
100
21
51
52
45
15
20
26
61
26
94
39
9
86
25
14
44
68
19
62
28
86
70
52
58
86
86
73
53
68
27
19
22
70
40
15
10
56
43
95
95
84
51
52
39
43
100
55
35
1
9
20
76
42
60
83
12
50
86
50
55
50
92
63
86
6
78
38
55
85
33
42
58
40
71
32
16
11
42
87
2
18
41
26
20
99
24
71
98
87
1
2
27
42
70
21
1
30
1
49
16
79
46
93
30
9
35
41
14
34
14
50
55
47
62
32
56
88
55
60
86
58
39
31
49
92
81
99
14
61
33
28
16
94
80
74
95
31
10
57
54
95
89
12
75
3
80
42
35
18
23
91
42
50
37
59
89
90
19
100
39
80
63
36
69
53
49
40
4
71
64
6
51
18
53
46
46
95
95
9
95
68
82
34
39
72
90
85
2
26
26
91
62
55
74
79
69
25
8
14
50
85
58
66
35
36
69
50
20
54
8
63
58
91
28
30
84
55
90
60
30
4
22
10
4
81
78
19
33
85
26
18
25
16
47
92
56
89
77
25
89
69
6
58
69
19
64
83
91
60
57
50
99
1
69
88
57
7
80
94
33
82
46
7
93
1
15
60
19
20
34
40
44
19
13
88
23
83
78
98
6
67
40
70
22
33
77
57
49
76
47
94
25
3
28
1
86
99
74
58
48
18
67
25
82
41
42
3
38
96
98
9
46
47
46
16
34
23
97
17
44
84
43
57
48
13
41
16
8
95
65
57
19
11
52
10
35
63
4
66
48
73
33
86
67
96
48
68
57
3
98
96
9
25
89
73
4
16
63
72
62
96
87
47
63
98
46
93
39
68
67
20
79
7
2
59
93
36
77
22
62
11
86
58
81
9
71
77
71
55
88
17
25
35
73
28
61
23
12
68
34
100
99
95
69
25
69
66
16
40
93
54
76
92
84
31
68
40
72
53
18
83
52
67
9
100
78
86
54
35
94
97
59
57
61
66
83
4
42
34
67
79
84
24
12
1
25
75
46
47
61
37
36
91
2
70
30
38
54
22
60
90
81
74
95
28
8
93
100
20
10
94
79
11
35
40
2
64
51
51
63
82
12
45
99
48
98
75
4
86
17
52
23
87
72
90
90
64
57
84
58
28
37
12
24
16
57
94
65
81
53
49
66
20
88
41
1
57
76
24
54
3
76
8
41
63
11
37
60
99
51
27
11
21
33
47
38
3
23
59
75
61
63
26
45
93
14
77
92
35
89
63
5
78
34
39
60
29
22
71
29
61
66
62
100
66
20
95
1
36
99
89
22
20
62
75
86
95
44
45
38
70
60
2
49
82
55
39
49
38
6
48
84
71
34
46
53
8
29
80
88
66
15
90
19
13
37
46
50
35
61
61
27
57
97
51
86
52
100
90
64
17
42
56
23
73
52
13
50
26
41
30
16
6
63
48
98
5
56
33
96
24
6
85
1
64
49
84
48
8
56
82
13
99
19
51
8
98
79
16
58
45
42
33
73
59
25
65
43
99
68
51
62
20
21
62
86
4
43
75
6
33
39
97
24
92
40
49
72
39
32
24
67
60
67
50
11
18
51
59
25
40
96
19
78
43
1
82
96
25
87
31
33
63
62
58
44
79
17
70
18
75
25
87
47
12
29
31
90
30
49
64
70
79
40
91
17
38
78
23
65
87
66
55
74
96
28
72
43
13
10
99
88
15
68
70
27
77
50
1
5
72
53
63
20
9
16
82
55
73
73
7
78
20
6
85
38
49
73
65
71
93
88
82
56
18
97
58
18
74
65
81
86
8
29
20
40
66
17
40
68
3
69
8
42
99
86
60
12
1
90
8
5
20
98
5
3
73
74
46
90
64
22
85
35
93
4
83
46
53
46
49
40
13
46
13
51
34
19
12
47
49
38
89
4
73
100
14
45
92
29
13
25
78
10
3
21
40
31
12
9
87
16
21
50
74
77
93
83
81
7
9
98
88
33
48
82
37
31
55
34
6
81
89
65
93
68
49
88
84
25
55
87
55
22
68
23
51
64
70
71
2
89
19
58
96
55
1
37
4
6
38
58
43
47
85
100
20
40
41
43
86
98
72
54
22
100
70
15
63
38
43
35
62
85
6
23
49
13
52
58
5
85
45
76
84
70
